0.3186 0.000146757 94.7765
0.3267 0.000413747 473.793
0.17 0.00152642 473.055
0.0885 0.00562805 472.535
0.0461 0.0207486 472.767

0.3497 0.000227866 88.8938
0.3094 0.000495745 443.766
0.1611 0.0016646 444.081
0.0849 0.00588946 443.715
0.0448 0.0210596 443.379

0.3773 0.000319722 83.6394
0.2944 0.000588539 417.332
0.153 0.00181114 417.076
0.0816 0.00615158 417.395
0.0436 0.0213612 417.046

0.4008 0.000415227 79.0418
0.2818 0.000685181 394.991
0.1461 0.00195732 394.352
0.0787 0.00640583 394.791
0.0425 0.0216489 393.565

0.421 0.000512397 75.0637
0.2709 0.000783352 374.93
0.1402 0.00209857 374.381
0.0762 0.00663689 374.874
0.0416 0.0218974 374.834

0.4387 0.000610463 71.6479
0.2615 0.000882811 358.062
0.1351 0.00224012 358.098
0.0739 0.0068707 357.295
0.0407 0.0221514 356.549

0.4544 0.000709067 68.7365
0.2532 0.000982942 343.246
0.1305 0.00237838 342.74
0.0719 0.00709013 342.183
0.0399 0.0223862 340.656

0.4682 0.000807984 65.882
0.2457 0.00108254 328.668
0.1265 0.00250861 328.489
0.0702 0.00728023 328.655
0.0393 0.0225753 328.93

0.4808 0.000907149 63.4891
0.2391 0.00118315 316.936
0.1229 0.00264331 317.126
0.0685 0.00748876 316.073
0.0386 0.0227927 315.544

0.4922 0.00100647 61.2646
0.2331 0.00128369 306.056
0.1196 0.00277398 306.092
0.067 0.00768164 304.836
0.038 0.0229879 304.273

0.5026 0.00110591 59.2092
0.2275 0.00138392 295.304
0.1166 0.00289946 295.438
0.0657 0.00785693 294.951
0.0375 0.0231597 295.022

0.5122 0.00120545 57.3581
0.2225 0.00148464 286.381
0.1138 0.00302696 285.991
0.0644 0.00803649 285.154
0.037 0.0233335 285.936

0.521 0.00130504 55.5591
0.2178 0.00158491 277.427
0.1113 0.00315022 277.441
0.0633 0.00820995 277.455
0.0365 0.0235093 276.972

0.5293 0.0014047 54.0174
0.2135 0.00168576 269.816
0.1089 0.00327567 269.436
0.0622 0.00838714 269.737
0.036 0.0236872 268.133

0.5371 0.00150441 52.6412
0.2094 0.00178658 262.377
0.1067 0.00339953 262.202
0.0611 0.00855352 261.37
0.0356 0.0238399 261.173

0.5442 0.00160415 51.1427
0.2056 0.00188669 255.012
0.1047 0.00351834 255.231
0.0602 0.00871229 255.011
0.0352 0.023994 254.306

0.551 0.00170391 49.8497
0.2021 0.0019875 248.881
0.1027 0.00363963 248.349
0.0593 0.00887369 248.721
0.0348 0.0241494 247.536

0.5574 0.00180371 48.7096
0.1987 0.00208792 242.505
0.1009 0.00375818 242.208
0.0584 0.00902226 241.77
0.0345 0.0242783 242.481

