1.20091 0
1.97129 -0.128884574
3.68295 -0.797801302
6.88027 -2.570075778
12.8522 -6.594559405
24.0042 -15.08569221
44.8152 -32.26309161
83.6869 -66.16698835
156.363 -132.047873
291.814 -258.2340246
 
2.08845 0
2.76668 -0.139579734
4.54246 -0.891622564
7.95054 -2.856721492
14.291 -7.220226064
25.997 -16.23618726
47.5546 -34.14192982
87.2104 -68.8447204
160.182 -135.095636
294.225 -260.0371163
 
3.05213 0
3.67147 -0.148517732
5.50541 -0.977275218
9.11298 -3.127747695
15.8093 -7.821198383
28.0448 -17.34164093
50.2877 -35.9211353
90.6641 -71.35950158
163.996 -138.0328651
296.728 -261.8187283
 
4.03558 0
4.61616 -0.15617602
6.5027 -1.053603098
10.2856 -3.370629348
17.2907 -8.354757998
29.9782 -18.31063925
52.8079 -37.46932349
93.8046 -73.54231982
167.339 -140.4806841
298.834 -263.1655191
 
5.02641 0
5.57951 -0.16272202
7.51218 -1.120939806
11.4503 -3.587384362
18.7376 -8.837884012
31.8404 -19.19433713
55.1839 -38.86357023
96.6395 -75.41911831
170.154 -142.4055307
300.536 -264.0910513
 
6.02083 0
6.55449 -0.168850024
8.53427 -1.185071098
12.6295 -3.799875453
20.2058 -9.320725263
33.7464 -20.09498068
57.6561 -40.32019591
99.7018 -77.475981
173.493 -144.7883136
302.716 -265.4438287
 
7.01705 0
7.53548 -0.17419248
9.5561 -1.24209015
13.7835 -3.98567275
21.5882 -9.72681007
35.4561 -20.82113007
59.7937 -41.47158367
102.306 -79.10347163
176.262 -146.6252996
304.472 -266.3734396
 
8.01432 0
8.51985 -0.178654302
10.5761 -1.292730552
14.9244 -4.154781612
22.9468 -10.10499569
37.1353 -21.51113084
61.8371 -42.52989246
104.587 -80.42767881
178.408 -147.8705444
305.783 -266.8642694
 
9.01235 0
9.50856 -0.183250353
11.6018 -1.342695989
16.0677 -4.319664929
24.2995 -10.47128907
38.7906 -22.17285232
63.8761 -43.57329237
107.042 -81.89597839
181.074 -149.583436
307.578 -267.801424
 
10.0108 0
10.4992 -0.18739908
12.6275 -1.38946292
17.2051 -4.47568084
25.6365 -10.8194662
40.4061 -22.79465788
65.8437 -44.54634964
109.351 -83.22433934
183.303 -150.8830241
308.921 -268.2981687
 
11.0096 0
11.4909 -0.19102797
13.6494 -1.43130207
18.324 -4.61470467
26.9271 -11.12639106
41.9491 -23.34979246
67.6767 -45.3957729
111.394 -84.3041699
185.354 -152.0071539
310.273 -268.793927
 
12.0086 0
12.4839 -0.1943977
14.6706 -1.47055582
19.4386 -4.74712542
28.2116 -11.42425572
43.4763 -23.8863568
69.5123 -46.2408664
113.478 -85.4143051
187.432 -153.1487737
311.642 -269.2975447
 
13.0078 0
13.4782 -0.19770912
15.6932 -1.50876762
20.5524 -4.87619322
29.4944 -11.71682322
45 -24.41590962
71.2902 -47.03073966
115.506 -86.46681168
189.54 -154.3115693
313.014 -269.7968015
 
14.0072 0
14.4743 -0.20122668
16.7209 -1.54873736
21.6709 -5.00631236
30.7685 -11.99963748
46.4963 -24.9184524
73.0611 -47.80934056
117.577 -87.55313608
191.667 -155.4862571
314.403 -270.3057851
 
15.0066 0
15.4685 -0.20346695
17.733 -1.5773391
22.7464 -5.10276198
31.9612 -12.21474462
47.8506 -25.29807658
74.6013 -48.38125561
119.194 -88.22483306
193.092 -156.0040787
315.315 -270.3559175
 
16.0061 0
16.4654 -0.20654721
18.7601 -1.61434566
23.8703 -5.23287828
33.2554 -12.5082078
49.3979 -25.83707005
76.4533 -49.22375781
121.33 -89.36147829
195.271 -157.217134
316.716 -270.865365
 
17.0057 0
17.4613 -0.20875592
19.7765 -1.64348536
24.9467 -5.32621882
34.4444 -12.71542942
50.7368 -26.19739042
77.9356 -49.73795182
122.896 -89.97750982
196.715 -157.7433518
317.65 -270.9264183
 
18.0053 0
18.4575 -0.21081564
20.7899 -1.6694986
26.0264 -5.42040355
35.6309 -12.9186367
52.0775 -26.55615742
79.4448 -50.2726596
124.476 -90.60260232
198.175 -158.280394
318.576 -270.97573
