1.46757 0
4.13747 -0.85063014
15.2642 -8.030709009
56.2805 -41.4712984
207.486 -178.1308293
 
2.27866 0
4.95745 -0.936772863
16.646 -8.640696168
58.8946 -43.29299789
210.596 -180.597935
 
3.19722 0
5.88539 -1.014246541
18.1114 -9.226457458
61.5158 -45.02206614
213.612 -182.8668522
 
4.15227 0
6.85181 -1.081975632
19.5732 -9.765596446
64.0583 -46.63039882
216.489 -184.946016
 
5.12397 0
7.83352 -1.14072055
20.9857 -10.24071389
66.3689 -48.00407461
218.974 -186.6152869
 
6.10463 0
8.82811 -1.194790676
22.4012 -10.69866829
68.707 -49.37790303
221.514 -188.3100274
 
7.09067 0
9.82942 -1.244488
23.7838 -11.11860729
70.9013 -50.60778404
223.862 -189.802021
 
8.07984 0
10.8254 -1.285471192
25.0861 -11.46618492
72.8023 -51.5668794
225.753 -190.8437868
 
9.07149 0
11.8315 -1.327012808
26.4331 -11.83870465
74.8876 -52.67615725
227.927 -192.1409625
 
10.0647 0
12.8369 -1.36447684
27.7398 -12.17355021
76.8164 -53.63836955
229.879 -193.2161545
 
11.0591 0
13.8392 -1.39727826
28.9946 -12.4622358
78.5693 -54.43713429
231.597 -194.0596078
 
12.0545 0
14.8464 -1.43001118
30.2696 -12.76143622
80.3649 -55.26729827
233.335 -194.9137026
 
13.0504 0
15.8491 -1.4581227
31.5022 -13.02263298
82.0995 -56.03539771
235.093 -195.7796606
 
14.047 0
16.8576 -1.48765058
32.7567 -13.29750206
83.8714 -56.83189205
236.872 -196.6591404
 
15.0441 0
17.8658 -1.51553507
33.9953 -13.55620682
85.5352 -57.5300495
238.399 -197.2934218
 
16.0415 0
18.8669 -1.53758268
35.1834 -13.77169438
87.1229 -58.15399713
239.94 -197.9357985
 
17.0391 0
19.875 -1.5625809
36.3963 -14.00477193
88.7369 -58.79785741
241.494 -198.5858796
 
18.0371 0
20.8792 -1.58418654
37.5818 -14.2130224
90.2226 -59.326188
242.783 -198.9799782
