0.1673 0.000120091 10.2453
0.2235 0.000197129 51.1251
0.1635 0.000368295 51.1104
0.1196 0.000688027 51.0796
0.0875 0.00128522 51.0661
0.064 0.00240042 51.0081
0.0468 0.00448152 50.8823
0.0343 0.00836869 51.1148
0.0251 0.0156363 51.1569
0.0183 0.0291814 50.5501

0.2058 0.000208845 9.50117
0.2177 0.000276668 47.4474
0.1531 0.000454246 47.4678
0.1116 0.000795054 47.4276
0.082 0.0014291 47.4021
0.0604 0.0025997 47.4198
0.0445 0.00475546 47.3677
0.0328 0.00872104 47.3255
0.0242 0.0160182 47.4288
0.0178 0.0294225 47.0448

0.2398 0.000305213 8.8677
0.2121 0.000367147 44.3011
0.1442 0.000550541 44.2607
0.1048 0.000911298 44.3316
0.0772 0.00158093 44.189
0.0572 0.00280448 44.2155
0.0424 0.00502877 44.0952
0.0315 0.00906641 44.1932
0.0234 0.0163996 44.29
0.0173 0.0296728 43.6825

0.269 0.000403558 8.33914
0.2067 0.000461616 41.6257
0.1368 0.00065027 41.5679
0.099 0.00102856 41.4899
0.0732 0.00172907 41.4332
0.0545 0.00299782 41.4234
0.0407 0.00528079 41.528
0.0304 0.00938046 41.5772
0.0227 0.0167339 41.5593
0.0169 0.0298834 41.0921

0.2942 0.000502641 7.86191
0.2016 0.000557951 39.2873
0.1305 0.000751218 39.1917
0.0942 0.00114503 39.1344
0.0699 0.00187376 39.2184
0.0522 0.00318404 39.0639
0.0392 0.00551839 39.219
0.0294 0.00966395 39.1019
0.0221 0.0170154 39.2019
0.0166 0.0300536 39.2123

0.3164 0.000602083 7.4921
0.1969 0.000655449 37.3663
0.1252 0.000853427 37.3223
0.0902 0.00126295 37.3692
0.067 0.00202058 37.3745
0.0502 0.00337464 37.2093
0.0378 0.00576561 37.1754
0.0285 0.00997018 37.1246
0.0215 0.0173493 37.0574
0.0162 0.0302716 36.7873

0.336 0.000701705 7.14913
0.1925 0.000753548 35.6377
0.1205 0.00095561 35.5757
0.0866 0.00137835 35.5708
0.0644 0.00215882 35.4702
0.0485 0.00354561 35.482
0.0367 0.00597937 35.572
0.0278 0.0102306 35.6076
0.021 0.0176262 35.2431
0.0159 0.0304472 35.0259

0.3534 0.000801432 6.81196
0.1884 0.000851985 34.0418
0.1164 0.00105761 34.0279
0.0835 0.00149244 34.034
0.0622 0.00229468 33.952
0.047 0.00371353 33.9971
0.0356 0.00618371 33.7855
0.0271 0.0104587 33.8937
0.0206 0.0178408 33.7694
0.0157 0.0305783 33.8677

0.3693 0.000901235 6.55115
0.1846 0.000950856 32.7029
0.1127 0.00116018 32.6724
0.0807 0.00160677 32.6633
0.0602 0.00242995 32.5789
0.0456 0.00387906 32.6018
0.0347 0.00638761 32.5488
0.0265 0.0107042 32.6357
0.0202 0.0181074 32.4486
0.0154 0.0307578 32.1895

0.3837 0.00100108 6.3026
0.1811 0.00104992 31.5031
0.1094 0.00126275 31.4789
0.0782 0.00172051 31.4542
0.0584 0.00256365 31.3562
0.0443 0.00404061 31.2692
0.0339 0.00658437 31.4548
0.0259 0.0109351 31.2783
0.0198 0.0183303 31.0239
0.0152 0.0308921 31.096

0.3969 0.00110096 6.07169
0.1777 0.00114909 30.3267
0.1064 0.00136494 30.3568
0.0759 0.0018324 30.2608
0.0568 0.00269271 30.2294
0.0432 0.00419491 30.1687
0.0331 0.00676767 30.2131
0.0254 0.0111394 30.1649
0.0195 0.0185354 30.0346
0.015 0.0310273 30.0246

0.409 0.00120086 5.87226
0.1746 0.00124839 29.3046
0.1036 0.00146706 29.2729
0.0739 0.00194386 29.2773
0.0553 0.00282116 29.1597
0.0422 0.00434763 29.2278
0.0324 0.00695123 29.2372
0.0249 0.0113478 29.061
0.0192 0.0187432 29.0545
0.0148 0.0311642 28.9759

0.4203 0.00130078 5.68394
0.1716 0.00134782 28.3324
0.1011 0.00156932 28.3619
0.072 0.00205524 28.3312
0.054 0.00294944 28.3424
0.0412 0.0045 28.2256
0.0317 0.00712902 28.1857
0.0245 0.0115506 28.2771
0.0189 0.018954 28.0976
0.0146 0.0313014 27.9504

0.4308 0.00140072 5.52561
0.169 0.00144743 27.6041
0.0987 0.00167209 27.4954
0.0702 0.00216709 27.4383
0.0527 0.00307685 27.4365
0.0403 0.00464963 27.3547
0.0311 0.00730611 27.3709
0.0241 0.0117577 27.495
0.0186 0.0191667 27.1451
0.0144 0.0314403 26.9347

0.4405 0.00150066 5.34568
0.1662 0.00154685 26.6358
0.0965 0.0017733 26.5939
0.0686 0.00227464 26.5696
0.0516 0.00319612 26.6311
0.0395 0.00478506 26.4769
0.0306 0.00746013 26.6399
0.0237 0.0119194 26.5282
0.0184 0.0193092 26.4757
0.0143 0.0315315 26.4411

0.4497 0.00160061 5.21584
0.1638 0.00164654 25.9679
0.0946 0.00187601 25.9774
0.0671 0.00238703 25.8707
0.0505 0.00332554 25.946
0.0387 0.00493979 25.7831
0.03 0.00764533 25.8458
0.0233 0.012133 25.7751
0.0181 0.0195271 25.5599
0.0141 0.0316716 25.4709

0.4582 0.00170057 5.05776
0.1615 0.00174613 25.2351
0.0926 0.00197765 25.1467
0.0657 0.00249467 25.1148
0.0495 0.00344444 25.1994
0.038 0.00507368 25.0526
0.0295 0.00779356 25.0571
0.023 0.0122896 25.1214
0.0179 0.0196715 24.9039
0.014 0.031765 24.9844

0.4662 0.00180053 4.91961
0.1592 0.00184575 24.5568
0.0909 0.00207899 24.542
0.0644 0.00260264 24.4398
0.0485 0.00356309 24.4285
0.0374 0.00520775 24.5135
0.029 0.00794448 24.3006
0.0227 0.0124476 24.4896
0.0177 0.0198175 24.2623
0.0139 0.0318576 24.5025

